RMS Error: 1.3922258337385909 (0.0004531985135867809%)

===== Params =====
New Camera Matrix Left:
[[552.49730979   0.         337.48512014]
 [  0.         734.13849549 321.94093562]
 [  0.           0.           1.        ]]

Distortion Coefficients Left:
[[-0.14106346  0.39587979  0.00767012  0.00224067 -0.19775007]]

New Camera Matrix Right:
[[541.65401367   0.         312.42243275]
 [  0.         730.69122735 266.31844387]
 [  0.           0.           1.        ]]

Distortion Coefficients Right:
[[-0.09152373  0.35017863  0.01123707  0.00150412 -0.54173549]]

Rotation Matrix:
[[ 0.99998304  0.00296376 -0.0050127 ]
 [-0.00301023  0.99995234 -0.00928761]
 [ 0.00498494  0.00930254  0.99994431]]

Translation Vector:
[[-2.47015712]
 [-0.00374302]
 [-0.18580419]]

Essential Matrix:
[[-5.77971378e-04  1.85760514e-01 -5.46849186e-03]
 [-1.73487456e-01  2.24280527e-02  2.47095092e+00]
 [ 1.11786922e-02 -2.47002829e+00  2.29230850e-02]]

Fundamental Matrix:
[[-9.04294950e-09  2.18730501e-06 -7.48402891e-04]
 [-2.01214801e-06  1.95765241e-07  1.64498808e-02]
 [ 6.33433717e-04 -1.64890999e-02  1.00000000e+00]]

===== StereoParams =====Stereo Map Left X:
[[[106  23]
  [107  23]
  [108  23]
  ...
  [575  43]
  [576  43]
  [577  43]]

 [[106  24]
  [107  24]
  [108  24]
  ...
  [575  44]
  [576  44]
  [577  44]]

 [[106  25]
  [107  25]
  [108  25]
  ...
  [575  44]
  [576  44]
  [577  45]]

 ...

 [[102 506]
  [103 506]
  [104 506]
  ...
  [576 499]
  [576 499]
  [577 499]]

 [[102 507]
  [103 507]
  [104 507]
  ...
  [576 500]
  [576 500]
  [577 500]]

 [[102 508]
  [103 508]
  [104 508]
  ...
  [576 501]
  [576 501]
  [577 501]]]

Stereo Map Left Y:
[[ 340  365  423 ...   54   77  100]
 [ 340  398  455 ...   22   44   35]
 [ 372  430  455 ... 1013 1004    3]
 ...
 [ 181  142  103 ...  193  216  207]
 [ 212  174  135 ...  161  184  175]
 [ 244  205  167 ...  130  152  143]]

Stereo Map Right X:
[[[ 82 -36]
  [ 83 -36]
  [ 84 -36]
  ...
  [541 -17]
  [542 -17]
  [542 -17]]

 [[ 82 -35]
  [ 83 -35]
  [ 84 -35]
  ...
  [541 -16]
  [542 -16]
  [542 -16]]

 [[ 82 -34]
  [ 83 -34]
  [ 84 -34]
  ...
  [541 -15]
  [542 -15]
  [542 -15]]

 ...

 [[ 78 445]
  [ 79 445]
  [ 79 445]
  ...
  [544 435]
  [544 435]
  [545 435]]

 [[ 78 446]
  [ 79 446]
  [ 79 446]
  ...
  [544 436]
  [544 436]
  [545 436]]

 [[ 78 447]
  [ 79 447]
  [ 79 447]
  ...
  [544 437]
  [544 437]
  [545 437]]]

Stereo Map Right Y:
[[797 789 781 ... 336 389 474]
 [764 756 748 ... 272 293 379]
 [731 723 715 ... 177 230 283]
 ...
 [683 643 636 ... 771 761 751]
 [715 675 668 ... 739 729 719]
 [746 707 700 ... 707 697 687]]

Project Matrix Left :
[[732.41486142   0.         255.06593323   0.        ]
 [  0.         732.41486142 299.53684235   0.        ]
 [  0.           0.           1.           0.        ]]

Project Matrix Right :
[[ 7.32414861e+02  0.00000000e+00  2.55065933e+02 -1.81429279e+03]
 [ 0.00000000e+00  7.32414861e+02  2.99536842e+02  0.00000000e+00]
 [ 0.00000000e+00  0.00000000e+00  1.00000000e+00  0.00000000e+00]]

Rectify Roi Left :
(0, 0, 640, 447)

Rectify Roi Right :
(0, 37, 640, 443)
